      649797222495      INFINITO               256        4000  0000000000001003030000020201203020310010
      649797223081      INFINITO               255        4000  0000000000001003030000020201203203010010
      649797222535      INFINITO               255        4000  0000000000001003030000020201203023010010
     1137104982901      INFINITO               254        4000  0000000000010030300200020201003203010010
     1137104982315      INFINITO               255        4001  0000000000010030300200020201003020310010
     1137104982355      INFINITO               254        4000  0000000000010030300200020201003023010010
     7940399193600      INFINITO               159        4000  0000000100000202021010000300301002030300
    10250747427146      INFINITO               566        4500  0000000203100000010020230203000100300010
    11646338373896      INFINITO               566        4500  0000000302100000010020230203000100300010
    11751274905176      INFINITO               566        4500  0000000303100000010020220203000100300010
    13099237281751      INFINITO               546        4500  0000001002030203031000100300010020000200
    13216723650751      INFINITO               546        4500  0000001003020203031000100300010020000200
    13226747758691      INFINITO               546        4500  0000001003030202031000100300010020000200
    15961396107176      INFINITO               565        4500  0000002031000000100320200203000100300010
    17813545265052      INFINITO               165        4500  0000003010020202031000010000300002100300
    18057035903426      INFINITO               565        4500  0000003021000000100320200203000100300010
    18211387882676      INFINITO               565        4500  0000003031000000100220200203000100300010
    19325459755353      INFINITO               556        4510  0000010000021000000031003100302020000302
    19380580928083      INFINITO               556        4510  0000010000031000000031003100202020000302
    19380580928952      INFINITO               556        4510  0000010000031000000031003100302020000202
    24564091764041      INFINITO               559        4501  0000021000000100303002203000100300010020
    27868314960161      INFINITO               559        4501  0000031000000100203002203000100300010020
    27868532558801      INFINITO               559        4501  0000031000000100302002203000100300010020
    29421023104256      INFINITO               165        4500  0000100000202021000000300301002030300010
    29784185892031      INFINITO               166        4500  0000100003000021003000000030100202020310
    30371472119751      INFINITO               196        4503  0000100032002001000132020000000010030003
    30762025340870      INFINITO               165        4500  0000100202020310000310300002100300000000
    30783992698480      INFINITO               556        4500  0000100203020303100001030001002000020000
    31036917097480      INFINITO               556        4500  0000100302020303100001030001002000020000
    31057524984780      INFINITO               556        4500  0000100303020203100001030001002000020000
    34815828446567      INFINITO               198        4500  0000200010203100303000200000021000013000
    35559939395206      INFINITO               198        4502  0000200200100012100320000001003000303000
    36508485943319      INFINITO               256        4501  0000202010030203100100000000000100303002
    36508508187079      INFINITO               255        4500  0000202010030230100100000000000100303002
    36508924903379      INFINITO               255        4500  0000202010032030100100000000000100303002
    36518159479683      INFINITO               257        4502  0000202012030203100100000000000010030300
    36518160436023      INFINITO               256        4500  0000202012030230100100000000000010030300
    36518196615023      INFINITO               256        4500  0000202012032030100100000000000010030300
    37074997238021      INFINITO               558        4500  0000210000001003030202003000100300010020
    40945660966234      INFINITO               171        4502  0000301002020203100000100030000210030000
    41893647485201      INFINITO               558        4500  0000310000001002030202003000100300010020
    41893972797881      INFINITO               558        4500  0000310000001003020202003000100300010020
    44592331932575      INFINITO               168        4506  0001000020202100000003030100203030001000
    45381979646407      INFINITO               172        4503  0001000300002100300000003010020202031000
    45961593371561      INFINITO               554        4501  0001002000020000000100203020303100000310
    45961596540881      INFINITO               554        4501  0001002000020000000100303020203100000310
    45961596164351      INFINITO               554        4501  0001002000020000000100302020303100000310
    46367269212574      INFINITO               209        4503  0001003000030300002000200100001210030002
    46374936093483      INFINITO               554        4501  0001003000100200002000000010030202030310
    46374936094341      INFINITO               554        4501  0001003000100200002000000010030302020310
    46374936088023      INFINITO               554        4501  0001003000100200002000000010020302030310
    50561702149152      INFINITO               557        4500  0002000000010000021003031000003100302020
    50562456247392      INFINITO               557        4500  0002000000010000031002031000003100302020
    50562463018410      INFINITO               557        4500  0002000000010000031003031000003100202020
    50640389927231      INFINITO               214        4502  0002000000021000013000002000100203100303
    52029344552935      INFINITO               207        4503  0002000120310030300002000000100001300002
    55471394743305      INFINITO               166        4500  0002100300000000010002020203100003003010
    61423612374121      INFINITO               202        4500  0003020200000000100303000110003200200100
    68277305259757      INFINITO               552        4501  0010020302030310000013000100200002000000
    68279153137944      INFINITO               162        4505  0010020303000100003002020210000000003010
    68636926405487      INFINITO               194        4500  0010030003030000200002001000121003000200
    68792701959757      INFINITO               552        4501  0010030202030310000013000100200002000000
    68832829765657      INFINITO               552        4501  0010030302020310000013000100200002000000
    70552965911692      INFINITO               557        4500  0010300010020000200000001003020203031000
    70552965893752      INFINITO               557        4500  0010300010020000200000001002030203031000
    70552965914287      INFINITO               557        4500  0010300010020000200000001003030202031000
    74705603509960      INFINITO               564        4500  0020000001000002100030310000310030202000
    74707601239120      INFINITO               564        4500  0020000001000003100020310000310030202000
    74707611944568      INFINITO               564        4500  0020000001000003100030310000310020202000
    74885831891039      INFINITO               197        4501  0020000002100001300000020001020310030300
    77462800738747      INFINITO               208        4502  0020010000121003000200100300003030000200
    78468759318682      INFINITO               559        4501  0020030001003000100200002100000010030302
    78468759408766      INFINITO               559        4501  0020030001003000100200003100000010020302
    78468759408775      INFINITO               559        4501  0020030001003000100200003100000010030202
    80719964875415      INFINITO               546        4500  0020302030310000031000100200002000000010
    80799127395533      INFINITO               558        4500  0020310000031003020200020000000100000310
    82602404230615      INFINITO               560        4502  0022030001003000100200000310000001002030
    82602404230618      INFINITO               560        4502  0022030001003000100200000310000001003020
    82602404220256      INFINITO               560        4502  0022030001003000100200000210000001003030
    88564101084557      INFINITO               164        4500  0030030100203030001000010000020202100000
    90016849133615      INFINITO               546        4500  0030202030310000031000100200002000000010
    90556530320745      INFINITO               250        4503  0030300201000000000030230100000202010010
    90556530072315      INFINITO               251        4502  0030300201000000000030203100000202010010
    90556532424665      INFINITO               250        4502  0030300201000000000032030100000202010010
    90672286479815      INFINITO               546        4500  0030302020310000031000100200002000000010
    90725350423793      INFINITO               558        4500  0030310000031002020200020000000100000310
    90725354385518      INFINITO               558        4500  0030310000031003020200020000000100000210
    91417829789819      INFINITO               558        4500  0031003100202020000320000100000310000000
    91418049588776      INFINITO               558        4500  0031003100302020000320000100000210000000
    91418049556799      INFINITO               558        4500  0031003100302020000220000100000310000000
    92587424669913      INFINITO               198        4505  0032020000000010030030001000320020010001
    93566194142308      INFINITO               199        4500  0033030000200000021001000100300020001020
    95515848331474      INFINITO               554        4501  0100000200000001000020203031000003100302
    95515884910744      INFINITO               554        4501  0100000200000001000030202031000003100302
    95515885301161      INFINITO               554        4501  0100000200000001000030203031000003100202
    96907217057533      INFINITO               160        4506  0100003003010020303000000001000002020210
    97303075448771      INFINITO               198        4500  0100010030002000102003303000020000002100
   100359821850644      INFINITO               206        4500  0100300303000020000020010002100300020001
   102858860715233      INFINITO               166        4501  0103000021003000000000001002020203100003
   105094392056848      INFINITO               555        4502  0120000200000001000020020303100000310030
   105094398954193      INFINITO               555        4502  0120000200000001000030020203100000310030
   105094398999023      INFINITO               555        4502  0120000200000001000030020303100000310020
   106658499216597      INFINITO               553        4500  0130001002000020000000100203020303100000
   106658499263567      INFINITO               553        4500  0130001002000020000000100302020303100000
   106658499269703      INFINITO               553        4500  0130001002000020000000100303020203100000
   108716078425501      INFINITO               206        4502  0200000010000130000200200012031003030000
   108766146309792      INFINITO               199        4500  0200000010030003030000002002001000121003
   112739177418880      INFINITO               193        4502  0200100012100300020001003000303000020000
   116075579217731      INFINITO               566        4500  0202002030001003000100000030310000001002
   116075579217236      INFINITO               566        4500  0202002030001003000100000030210000001003
   116075579210471      INFINITO               566        4500  0202002030001003000100000020310000001003
   116222093838812      INFINITO               165        4500  0202020310000300301000210030000000001000
   116222900837360      INFINITO               161        4504  0202021000000000301001002030300010000300
   116415376205323      INFINITO               567        4501  0202202030001003000100000003031000000100
   116490137494943      INFINITO               567        4501  0202302030001003000100000003021000000100
   116490137494283      INFINITO               567        4501  0202302030001003000100000002031000000100
   117324171726559      INFINITO               565        4500  0203100003100302020000200000010000031000
   125321716799680      INFINITO               201        4502  0300011000320020010000302020000000010030
   130372737293824      INFINITO               252        4503  0302031000002020100100303002010000000000
   130646411808784      INFINITO               251        4500  0302301000002020100100303002010000000000
   130852616573635      INFINITO               202        4500  0303000020000002100010000030002000102031
   131130219147896      INFINITO               167        4505  0303010020303000100000100002020210000000
   131288555076259      INFINITO               565        4500  0303100003100202020000200000010000031000
   131288561594159      INFINITO               565        4500  0303100003100302020000200000010000021000
   133977671771584      INFINITO               251        4503  0320301000002020100100303002010000000000
   136147857569761      INFINITO               163        4500  1000000001000002020200100003003010020303
   136538325667598      INFINITO               557        4502  1000000010020302030300001003000100200002
   136546372206098      INFINITO               557        4502  1000000010030202030300001003000100200002
   136547127523738      INFINITO               557        4502  1000000010030302020300001003000100200002
   136902088682578      INFINITO               169        4503  1000000030100202020300000100003000021003
   138322647997829      INFINITO               161        4506  1000002100300000000001002020203100003003
   138525324834443      INFINITO               201        4502  1000003000200010203130300002000000210000
   142050001698370      INFINITO               168        4502  1000300301002030300000000100000202021000
   143907859296764      INFINITO               158        4503  1002020203100003003000002100300000000010
   143907930872313      INFINITO               165        4500  1002020210000000003000010020303000100003
   145040294063446      INFINITO               164        4500  1003030001000030000202100000000030100202
   152313301856473      INFINITO               165        4500  1203030001000030000200210000000003010020
   153369523776730      INFINITO               162        4507  1300002100300000000000100202020310000300
   157272730597392      INFINITO               195        4501  2000001003000303000000200200100012100300
   158241762175249      INFINITO               557        4500  2000010000021000000003100310030202000030
   158252443923599      INFINITO               557        4500  2000010000031000000003100310020202000030
   158252443923832      INFINITO               557        4500  2000010000031000000003100310030202000020
   160670585474026      INFINITO               200        4500  2000200100012100300000000100300030300002
   162140211602063      INFINITO               205        4503  2001000210030002000110030030300002000000
   163434277436841      INFINITO               554        4501  2002030310000031003012000020000000100000
   166982306811891      INFINITO               553        4500  2020303100000310030210000020000000100000
   168434191015749      INFINITO               561        4500  2031000310030202000002000001000003100000
   168801834207152      INFINITO               166        4500  2100000000001000002002031000030030100203
   168844060699379      INFINITO               161        4500  2100000000030100202003030001000030000210
   170550446934739      INFINITO               167        4500  2130000000001000002002003100003003010020
   172835311605969      INFINITO               552        4504  2300010030001002000000100000010030302020
   172835311605857      INFINITO               552        4504  2300010030001002000000100000010020302030
   172835311605952      INFINITO               552        4504  2300010030001002000000100000010030202030
   176880337952724      INFINITO               197        4500  3000002000000210000100030002000102031003
   179312526114033      INFINITO               197        4504  3000100032002001000103202000000001003000
   182919394528281      INFINITO               554        4501  3002020310000031003012000020000000100000
   182985806378821      INFINITO               554        4501  3002030310000031002012000020000000100000
   186518684919291      INFINITO               553        4500  3020203100000310030210000020000000100000
   186608060828851      INFINITO               553        4500  3020303100000310020210000020000000100000
   187875857333949      INFINITO               561        4500  3031000310020202000002000001000003100000
   187875867635403      INFINITO               561        4500  3031000310030202000002000001000002100000
   192440806569261      INFINITO               198        4500  3300002000000210000100003000200010203100
