Candidati totali nel file: 305
Candidati analizzati: 305
Partite INFINITE trovate: 162

              rank         esito    turni_pre_loop   turni_gpu  sequenza
--------------------------------------------------------------------------------------------------------------
      230084040307     TERMINATA              4016        4001  0000000000000013203200102030100013000020
      299865972364     TERMINATA              4004        4004  0000000000000030100201322000003001002301
      343820571288     TERMINATA              4067        4000  0000000000000100010312322000030000030012
      358692332100     TERMINATA              4002        4001  0000000000000100300000003001020223013012
      372323908061     TERMINATA              4133        4003  0000000000000102003301302000010020031200
      450543981559     TERMINATA              4045        4000  0000000000000200303200200001100301132000
      556864025767     TERMINATA              4064        4000  0000000000000302202003110300001010002030
      604960931632     TERMINATA              4005        4004  0000000000001000000200101003020331300220
      649797222495      INFINITO               256        4000  0000000000001003030000020201203020310010
      649797223081      INFINITO               255        4000  0000000000001003030000020201203203010010
      649797222535      INFINITO               255        4000  0000000000001003030000020201203023010010
      677667228871     TERMINATA              4274        4001  0000000000001023300113030001000000200202
      749076625459     TERMINATA              4012        4000  0000000000001320320001020301001300002000
      781138535738     TERMINATA              4041        4001  0000000000002000323302000011003011200000
      803390739696     TERMINATA              4040        4000  0000000000002003233202000011003011000000
      843073322204     TERMINATA              4050        4006  0000000000002100000110030002132003000230
      958548292958     TERMINATA              4000        4000  0000000000003010020013220000300100230100
      975232197347     TERMINATA              4060        4003  0000000000003020200231103000011000203000
     1086027741428     TERMINATA              4006        4003  0000000000010001030003022003000102001203
     1086100246207     TERMINATA              4063        4000  0000000000010001030023220003000003001201
     1091930902657     TERMINATA              4008        4000  0000000000010002010003000012020310003032
     1137104982901      INFINITO               254        4000  0000000000010030300200020201003203010010
     1137104982315      INFINITO               255        4001  0000000000010030300200020201003020310010
     1137104982355      INFINITO               254        4000  0000000000010030300200020201003023010010
     1168193515128     TERMINATA              4129        4000  0000000000010200330013020001002003120000
     1183375255451     TERMINATA              4056        4000  0000000000010300000132203000003001201020
     1455493016701     TERMINATA              4046        4002  0000000000021000010000300021320300023001
     1509687589237     TERMINATA              4144        4000  0000000000022201000033000011300000020031
     1758046822995     TERMINATA              4008        4002  0000000000032032000110203010130000200000
     1808577777414     TERMINATA              4001        4000  0000000000100000020001010032033130022000
     1865051129137     TERMINATA              4007        4005  0000000000100020100203000010020310003032
     2010377642407     TERMINATA              4270        4000  0000000000102330010030300100000020020201
     2017549279256     TERMINATA              4023        4000  0000000000103000210203000000032203010100
     2119055991476     TERMINATA              4016        4000  0000000000120300031000302020120000300010
     2138936721164     TERMINATA              4041        4003  0000000000123020000230110000000200031300
     2438679243903     TERMINATA              4004        4004  0000000000203200010302030113000020000001
     2454151414227     TERMINATA              4042        4000  0000000000210001000003000213230002300100
     2459884962372     TERMINATA              4041        4001  0000000000210010000303000213200002300100
     2625717022928     TERMINATA              4058        4001  0000000000300000321030002002312000110000
     2910102068361     TERMINATA              4000        4000  0000000000320001031220301300002000000100
     3308319398635     TERMINATA              4125        4005  0000000001020033000030200100200312000001
     3635702822204     TERMINATA              4228        4002  0000000002000000003200130121000300030012
     3840480960449     TERMINATA              4031        4000  0000000002002332030000001100301100000020
     3845480889366     TERMINATA              4011        4000  0000000002003000100003101200032000300102
     4031847787315     TERMINATA              4037        4000  0000000002100000030130002132000230010000
     4070242888766     TERMINATA              4092        4001  0000000002102000233001001000102000330000
     4319502275295     TERMINATA              4111        4000  0000000003000011030000010120230020000023
     4434166494330     TERMINATA              4109        4002  0000000003001103003000010120200020000023
     4649839876597     TERMINATA              4061        4000  0000000003032000000100003030220110010002
     4920093722450     TERMINATA              4515        4004  0000000010000001002020001303000000202331
     5291837785109     TERMINATA              4311        4000  0000000010100000020001000300000220130323
     5420509100816     TERMINATA              4131        4000  0000000010220100200000010300003303001020
     5455361948133     TERMINATA              4019        4000  0000000010300021020030000003220301010000
     5568571264159     TERMINATA              4108        4000  0000000011020002233030000000101003000020
     5685778353369     TERMINATA              4051        4004  0000000012021032003000000100002030003001
     5691240815614     TERMINATA              4012        4000  0000000012030003100003022012000030001000
     5710386600264     TERMINATA              4108        4000  0000000012123200001000310300030000000020
     5866816650198     TERMINATA              4055        4001  0000000013323000002000000230200001001001
     5877590188085     TERMINATA              4140        4000  0000000020000000011030000001023022001330
     5895451798394     TERMINATA              4224        4000  0000000020000000320001301210003003001200
     5954314660840     TERMINATA              4007        4000  0000000020000032003011130000200230010000
     5968211776864     TERMINATA              4141        4000  0000000020000102201012000100003000033030
     6053605836598     TERMINATA              4024        4000  0000000020001330302200100102003000001000
     6220903248816     TERMINATA              4010        4000  0000000020030001000203101000032000300102
     6385291869426     TERMINATA              4071        4000  0000000020202010000000200013000003330110
     6712924058915     TERMINATA              4014        4000  0000000022301000000033010020032000100010
     7040664619558     TERMINATA              4252        4004  0000000030002001002010000020301120303000
     7126826553910     TERMINATA              4105        4000  0000000030010300300100101202002000002300
     7157721055192     TERMINATA              4206        4000  0000000030020001001202000303011000302000
     7232631644689     TERMINATA              4030        4000  0000000030031002000120003010000320021000
     7462710637726     TERMINATA              4096        4008  0000000030312100100002000000000203201003
     7464287577484     TERMINATA              4057        4000  0000000030320000010000030302201100100200
     7612749004603     TERMINATA              4399        4000  0000000032000001130002110000003002300002
     7624845063436     TERMINATA              4059        4002  0000000032000032011000013000012002030000
     7877905804955     TERMINATA              4514        4003  0000000100000010020320001003000000202331
     7897810405076     TERMINATA              4055        4000  0000000100000023003020003000100022030110
     7940399193600      INFINITO               159        4000  0000000100000202021010000300301002030300
     8218109243266     TERMINATA              4301        4003  0000000100033000010200301000000002202301
     8847701588562     TERMINATA              4028        4000  0000000110020000000301001300300020020023
     9034079816423     TERMINATA              4069        4001  0000000120103230030020000000010100000320
     9196288602703     TERMINATA              4110        4006  0000000130020030002010010030000032010020
     9308266464631     TERMINATA              4013        4000  0000000133030220022000103000001000000001
    10250747427146      INFINITO               566        4500  0000000203100000010020230203000100300010
    11646338373896      INFINITO               566        4500  0000000302100000010020230203000100300010
    11751274905176      INFINITO               566        4500  0000000303100000010020220203000100300010
    12300515440304     TERMINATA              4663        4500  0000001000000000002113002330220003001000
    12955091504093     TERMINATA              4575        4500  0000001001002000000032000102020003103003
    13099237281751      INFINITO               546        4500  0000001002030203031000100300010020000200
    13216723650751      INFINITO               546        4500  0000001003020203031000100300010020000200
    13226747758691      INFINITO               546        4500  0000001003030202031000100300010020000200
    14345719687605     TERMINATA              4517        4500  0000001300100010320103000202020000000030
    15961396107176      INFINITO               565        4500  0000002031000000100320200203000100300010
    16708704473770     TERMINATA              4536        4500  0000002312000100303000100002300000002010
    17813545265052      INFINITO               165        4500  0000003010020202031000010000300002100300
    18057035903426      INFINITO               565        4500  0000003021000000100320200203000100300010
    18211387882676      INFINITO               565        4500  0000003031000000100220200203000100300010
    19325459755353      INFINITO               556        4510  0000010000021000000031003100302020000302
    19380580928083      INFINITO               556        4510  0000010000031000000031003100202020000302
    19380580928952      INFINITO               556        4510  0000010000031000000031003100302020000202
    20120937313626     TERMINATA              4569        4500  0000010020000000010002010202000310300303
    20318678106296     TERMINATA              4555        4508  0000010030000010002300020100300000231200
    24564091764041      INFINITO               559        4501  0000021000000100303002203000100300010020
    27868314960161      INFINITO               559        4501  0000031000000100203002203000100300010020
    27868532558801      INFINITO               559        4501  0000031000000100302002203000100300010020
    29285303265623     TERMINATA              4590        4500  0000100000030200003210203010000030210000
    29421023104256      INFINITO               165        4500  0000100000202021000000300301002030300010
    29784185892031      INFINITO               166        4500  0000100003000021003000000030100202020310
    30127652250051     TERMINATA              4610        4500  0000100020130320000001000120030003000002
    30371472119751      INFINITO               196        4503  0000100032002001000132020000000010030003
    30762025340870      INFINITO               165        4500  0000100202020310000310300002100300000000
    30783992698480      INFINITO               556        4500  0000100203020303100001030001002000020000
    31036917097480      INFINITO               556        4500  0000100302020303100001030001002000020000
    31057524984780      INFINITO               556        4500  0000100303020203100001030001002000020000
    31866270795676     TERMINATA              4551        4504  0000103000001000230000200030000023120001
    33374590267683     TERMINATA              4513        4500  0000130010001032010030020202000000003000
    34815828446567      INFINITO               198        4500  0000200010203100303000200000021000013000
    35559939395206      INFINITO               198        4502  0000200200100012100320000001003000303000
    36508485943319      INFINITO               256        4501  0000202010030203100100000000000100303002
    36508508187079      INFINITO               255        4500  0000202010030230100100000000000100303002
    36508924903379      INFINITO               255        4500  0000202010032030100100000000000100303002
    36518159479683      INFINITO               257        4502  0000202012030203100100000000000010030300
    36518160436023      INFINITO               256        4500  0000202012030230100100000000000010030300
    36518196615023      INFINITO               256        4500  0000202012032030100100000000000010030300
    37074997238021      INFINITO               558        4500  0000210000001003030202003000100300010020
    38444577686170     TERMINATA              4532        4500  0000231200010030300001000230000000201000
    40945660966234      INFINITO               171        4502  0000301002020203100000100030000210030000
    41893647485201      INFINITO               558        4500  0000310000001002030202003000100300010020
    41893972797881      INFINITO               558        4500  0000310000001003020202003000100300010020
    43411694869967     TERMINATA              4654        4500  0001000000000002200100023302030010000103
    43784009314296     TERMINATA              4546        4500  0001000000100023000002030000023120001003
    44592331932575      INFINITO               168        4506  0001000020202100000003030100203030001000
    44651635783324     TERMINATA              4537        4500  0001000023000000020100000023120001003030
    45381979646407      INFINITO               172        4503  0001000300002100300000003010020202031000
    45905943333237     TERMINATA              4565        4501  0001002000000001000021020200031030030300
    45961593371561      INFINITO               554        4501  0001002000020000000100203020303100000310
    45961596540881      INFINITO               554        4501  0001002000020000000100303020203100000310
    45961596164351      INFINITO               554        4501  0001002000020000000100302020303100000310
    46367269212574      INFINITO               209        4503  0001003000030300002000200100001210030002
    46374936093483      INFINITO               554        4501  0001003000100200002000000010030202030310
    46374936094341      INFINITO               554        4501  0001003000100200002000000010030302020310
    46374936088023      INFINITO               554        4501  0001003000100200002000000010020302030310
    49626444476549     TERMINATA              4547        4500  0001300000100023000002003000002312000100
    50463622159009     TERMINATA              4560        4502  0002000000001000011002020003103003030002
    50561702149152      INFINITO               557        4500  0002000000010000021003031000003100302020
    50562456247392      INFINITO               557        4500  0002000000010000031002031000003100302020
    50562463018410      INFINITO               557        4500  0002000000010000031003031000003100202020
    50640389927231      INFINITO               214        4502  0002000000021000013000002000100203100303
    52029344552935      INFINITO               207        4503  0002000120310030300002000000100001300002
    53856075049593     TERMINATA              4554        4507  0002010030000023120000001003000001000230
    54146744672226     TERMINATA              4600        4501  0002013032000000001012003000300000200010
    55471394743305      INFINITO               166        4500  0002100300000000010002020203100003003010
    57228650526117     TERMINATA              4651        4500  0002330230010000103000100000000000200102
    57408553408476     TERMINATA              4586        4500  0003000000001001002030320000001020200031
    61423612374121      INFINITO               202        4500  0003020200000000100303000110003200200100
    64253292445076     TERMINATA              4650        4500  0010000000000020010200233023001000010300
    66926217134502     TERMINATA              4606        4501  0010002013032000000010012003000300000200
    67059876066361     TERMINATA              4533        4501  0010002300000002010000002312000100303000
    68277305259757      INFINITO               552        4501  0010020302030310000013000100200002000000
    68279153137944      INFINITO               162        4505  0010020303000100003002020210000000003010
    68636926405487      INFINITO               194        4500  0010030003030000200002001000121003000200
    68792701959757      INFINITO               552        4501  0010030202030310000013000100200002000000
    68832829765657      INFINITO               552        4501  0010030302020310000013000100200002000000
    70552965911692      INFINITO               557        4500  0010300010020000200000001003020203031000
    70552965893752      INFINITO               557        4500  0010300010020000200000001002030203031000
    70552965914287      INFINITO               557        4500  0010300010020000200000001003030202031000
    73755937579899     TERMINATA              4594        4504  0013032000000001020203000300000200010010
    74705603509960      INFINITO               564        4500  0020000001000002100030310000310030202000
    74707601239120      INFINITO               564        4500  0020000001000003100020310000310030202000
    74707611944568      INFINITO               564        4500  0020000001000003100030310000310020202000
    74885831891039      INFINITO               197        4501  0020000002100001300000020001020310030300
    77028464962167     TERMINATA              4550        4503  0020003000002312000100010300000100023000
    77462800738747      INFINITO               208        4502  0020010000121003000200100300003030000200
    78468759318682      INFINITO               559        4501  0020030001003000100200002100000010030302
    78468759408766      INFINITO               559        4501  0020030001003000100200003100000010020302
    78468759408775      INFINITO               559        4501  0020030001003000100200003100000010030202
    79629482178816     TERMINATA              4599        4500  0020130320000000010210003000300000200010
    80134549365618     TERMINATA              4506        4505  0020220000000030000303001001032010001000
    80719964875415      INFINITO               546        4500  0020302030310000031000100200002000000010
    80799127395533      INFINITO               558        4500  0020310000031003020200020000000100000310
    82166740449976     TERMINATA              4601        4500  0022000001000000302003001001203010000030
    82602404230615      INFINITO               560        4502  0022030001003000100200000310000001002030
    82602404230618      INFINITO               560        4502  0022030001003000100200000310000001003020
    82602404220256      INFINITO               560        4502  0022030001003000100200000210000001003030
    83744107922784     TERMINATA              4528        4501  0023120001003030000010023000000020100000
    86798179640602     TERMINATA              4518        4500  0030002020200000000300000013001000103201
    88564101084557      INFINITO               164        4500  0030030100203030001000010000020202100000
    90016849133615      INFINITO               546        4500  0030202030310000031000100200002000000010
    90556530320745      INFINITO               250        4503  0030300201000000000030230100000202010010
    90556530072315      INFINITO               251        4502  0030300201000000000030203100000202010010
    90556532424665      INFINITO               250        4502  0030300201000000000032030100000202010010
    90672286479815      INFINITO               546        4500  0030302020310000031000100200002000000010
    90725350423793      INFINITO               558        4500  0030310000031002020200020000000100000310
    90725354385518      INFINITO               558        4500  0030310000031003020200020000000100000210
    91417829789819      INFINITO               558        4500  0031003100202020000320000100000310000000
    91418049588776      INFINITO               558        4500  0031003100302020000320000100000210000000
    91418049556799      INFINITO               558        4500  0031003100302020000220000100000310000000
    92246060785248     TERMINATA              4577        4500  0032000102020003103030000010010020000000
    92587424669913      INFINITO               198        4505  0032020000000010030030001000320020010001
    92734721829307     TERMINATA              4566        4500  0032100000100300000102000320020100300000
    93566194142308      INFINITO               199        4500  0033030000200000021001000100300020001020
    95515848331474      INFINITO               554        4501  0100000200000001000020203031000003100302
    95515884910744      INFINITO               554        4501  0100000200000001000030202031000003100302
    95515885301161      INFINITO               554        4501  0100000200000001000030203031000003100202
    96907217057533      INFINITO               160        4506  0100003003010020303000000001000002020210
    97303075448771      INFINITO               198        4500  0100010030002000102003303000020000002100
    98252519178900     TERMINATA              4600        4501  0100030003000002000100201303200000000102
    99111577645796     TERMINATA              4607        4502  0100120030003000002000100020130320000000
    99900704997220     TERMINATA              4529        4502  0100230000000201000000231200010030300000
   100359821850644      INFINITO               206        4500  0100300303000020000020010002100300020001
   102285236018089     TERMINATA              4591        4500  0102030100000302100000001000000302000032
   102858860715233      INFINITO               166        4501  0103000021003000000000001002020203100003
   105094392056848      INFINITO               555        4502  0120000200000001000020020303100000310030
   105094398954193      INFINITO               555        4502  0120000200000001000030020203100000310030
   105094398999023      INFINITO               555        4502  0120000200000001000030020303100000310020
   105500421551547     TERMINATA              4601        4502  0120030003000002000100020130320000000010
   106658499216597      INFINITO               553        4500  0130001002000020000000100203020303100000
   106658499263567      INFINITO               553        4500  0130001002000020000000100302020303100000
   106658499269703      INFINITO               553        4500  0130001002000020000000100303020203100000
   106954227391669     TERMINATA              4664        4501  0130023302200030010000000010000000000021
   108716078425501      INFINITO               206        4502  0200000010000130000200200012031003030000
   108766146309792      INFINITO               199        4500  0200000010030003030000002002001000121003
   109223204489461     TERMINATA              4597        4500  0200000100000030200030000120301000003021
   112456414356570     TERMINATA              4565        4500  0200032002010030000003210000010030000010
   112739177418880      INFINITO               193        4502  0200100012100300020001003000303000020000
   113994014741375     TERMINATA              4546        4500  0200300000231200010000130000010002300000
   115755648941635     TERMINATA              4502        4501  0202000000003000030030010003201000100021
   116075579217731      INFINITO               566        4500  0202002030001003000100000030310000001002
   116075579217236      INFINITO               566        4500  0202002030001003000100000030210000001003
   116075579210471      INFINITO               566        4500  0202002030001003000100000020310000001003
   116222093838812      INFINITO               165        4500  0202020310000300301000210030000000001000
   116222900837360      INFINITO               161        4504  0202021000000000301001002030300010000300
   116415376205323      INFINITO               567        4501  0202202030001003000100000003031000000100
   116490137494943      INFINITO               567        4501  0202302030001003000100000003021000000100
   116490137494283      INFINITO               567        4501  0202302030001003000100000002031000000100
   116687935417865     TERMINATA              4545        4503  0203000002312000100300100000010002300000
   117324171726559      INFINITO               565        4500  0203100003100302020000200000010000031000
   118503573531623     TERMINATA              4566        4502  0210202000310300303000010020000000010000
   122646741370679     TERMINATA              4580        4500  0300000010010020000000320000102020003103
   125321716799680      INFINITO               201        4502  0300011000320020010000302020000000010030
   126068473894362     TERMINATA              4593        4503  0300030000020001001001303200000000102020
   126725771973901     TERMINATA              4505        4504  0300100103201000100002022000000003000030
   126731420467008     TERMINATA              4600        4500  0300100120301000003002200000100000030200
   127684240142213     TERMINATA              4514        4501  0300202020000000030000001300100010320100
   130372737293824      INFINITO               252        4503  0302031000002020100100303002010000000000
   130646411808784      INFINITO               251        4500  0302301000002020100100303002010000000000
   130852616573635      INFINITO               202        4500  0303000020000002100010000030002000102031
   131130219147896      INFINITO               167        4505  0303010020303000100000100002020210000000
   131288555076259      INFINITO               565        4500  0303100003100202020000200000010000031000
   131288561594159      INFINITO               565        4500  0303100003100302020000200000010000021000
   131683651042626     TERMINATA              4562        4502  0310000010030000010020002002010030000023
   132722429236175     TERMINATA              4523        4504  0312000100303000000223000000020100000010
   133977671771584      INFINITO               251        4503  0320301000002020100100303002010000000000
   136147857569761      INFINITO               163        4500  1000000001000002020200100003003010020303
   136538325667598      INFINITO               557        4502  1000000010020302030300001003000100200002
   136546372206098      INFINITO               557        4502  1000000010030202030300001003000100200002
   136547127523738      INFINITO               557        4502  1000000010030302020300001003000100200002
   136902088682578      INFINITO               169        4503  1000000030100202020300000100003000021003
   137622903895326     TERMINATA              4583        4500  1000000302000032002003010000030210000010
   138322647997829      INFINITO               161        4506  1000002100300000000001002020203100003003
   138525324834443      INFINITO               201        4502  1000003000200010203130300002000000210000
   142050001698370      INFINITO               168        4502  1000300301002030300000000100000202021000
   143907859296764      INFINITO               158        4503  1002020203100003003000002100300000000010
   143907930872313      INFINITO               165        4500  1002020210000000003000010020303000100003
   144879584700471     TERMINATA              4586        4502  1003010000030210000001000000302000032002
   145040294063446      INFINITO               164        4500  1003030001000030000202100000000030100202
   151478781939182     TERMINATA              4515        4501  1200010030000002023300000001000000100203
   151511093645548     TERMINATA              4516        4502  1200013030000002023300000000100000010020
   152291881917119     TERMINATA              4587        4500  1203010000030210000000100000030200003200
   152313301856473      INFINITO               165        4500  1203030001000030000200210000000003010020
   153369523776730      INFINITO               162        4507  1300002100300000000000100202020310000300
   154327219631488     TERMINATA              4587        4500  1303200000010202000300030000000010010020
   157272730597392      INFINITO               195        4501  2000001003000303000000200200100012100300
   158223389343291     TERMINATA              4593        4500  2000010000003020000300012030100000302100
   158241762175249      INFINITO               557        4500  2000010000021000000003100310030202000030
   158252443923599      INFINITO               557        4500  2000010000031000000003100310020202000030
   158252443923832      INFINITO               557        4500  2000010000031000000003100310030202000020
   160670585474026      INFINITO               200        4500  2000200100012100300000000100300030300002
   160705906185300     TERMINATA              4561        4501  2000200201003000002331000001003000001000
   162140211602063      INFINITO               205        4503  2001000210030002000110030030300002000000
   163434277436841      INFINITO               554        4501  2002030310000031003012000020000000100000
   166982306811891      INFINITO               553        4500  2020303100000310030210000020000000100000
   168434191015749      INFINITO               561        4500  2031000310030202000002000001000003100000
   168801834207152      INFINITO               166        4500  2100000000001000002002031000030030100203
   168844060699379      INFINITO               161        4500  2100000000030100202003030001000030000210
   170550446934739      INFINITO               167        4500  2130000000001000002002003100003003010020
   172399601439050     TERMINATA              4522        4503  2300000002010000001031200010030300000020
   172835311605969      INFINITO               552        4504  2300010030001002000000100000010030302020
   172835311605857      INFINITO               552        4504  2300010030001002000000100000010020302030
   172835311605952      INFINITO               552        4504  2300010030001002000000100000010030202030
   176594131614918     TERMINATA              4576        4500  3000001001002000000003200010202000310300
   176880337952724      INFINITO               197        4500  3000002000000210000100030002000102031003
   178012984519135     TERMINATA              4596        4501  3000012030100000302120000010000003020000
   179312526114033      INFINITO               197        4504  3000100032002001000103202000000001003000
   181549965279577     TERMINATA              4501        4500  3001000320100010002120200000000300003000
   182919394528281      INFINITO               554        4501  3002020310000031003012000020000000100000
   182985806378821      INFINITO               554        4501  3002030310000031002012000020000000100000
   183299039438555     TERMINATA              4657        4503  3002330200300100001000001000000000001220
   184362933082040     TERMINATA              4580        4502  3010000030210000010000000302000032002010
   186518684919291      INFINITO               553        4500  3020203100000310030210000020000000100000
   186608060828851      INFINITO               553        4500  3020303100000310020210000020000000100000
   187875857333949      INFINITO               561        4500  3031000310020202000002000001000003100000
   187875867635403      INFINITO               561        4500  3031000310030202000002000001000002100000
   187966648427985     TERMINATA              4583        4501  3032000001020200031000300000001001002000
   190958614560429     TERMINATA              4572        4503  3200102020003103003000000001002000000001
   192440806569261      INFINITO               198        4500  3300002000000210000100003000200010203100
